1. As(V) / Fe2O3
 t	0,5,10,15,20,25,30,35,40
 qt	0,0.011238,0.014984,0.01873,0.022476,0.0239744,0.0239744,0.0239744,0.0239744
	0,0.020603,0.029968,0.03746,0.041206,0.044952,0.046825,0.048698,0.048698
	0,0.03746,0.058063,0.07492,0.086158,0.09365,0.0958976,0.097396,0.097396
	0,0.089904,0.11238,0.138602,0.161078,0.172316,0.179808,0.1873,0.1873
	0,0.101142,0.125491,0.157332,0.179808,0.192919,0.202284,0.20603,0.20603
 C0	1,2,4,8,10
 Cs	40	
2. As(V) / SiO2+Al2O3
 t	0,2.5,5,10,15,20,25,30,35,40
 qt	0,0.00719,0.01199,0.01678,0.02077,0.02317,0.02397,0.02397,0.02397,0.02397
	0,0.01199,0.02077,0.03396,0.04434,0.04395,0.04714,0.04794,0.04874,0.04874
	0,0.02397,0.04198,0.06592,0.0811,0.08869,0.09388,0.09588,0.09668,0.09788
	0,0.04195,0.07591,0.11506,0.14182,0.1558,0.16759,0.17179,0.17179,0.17258
	0,0.04954,0.08469,0.13303,0.1578,0.17418,0.18217,0.19176,0.19096,0.19176
 C0	1,2,4,8,10
 Cs	40
3. As(V) / laterite
 t	0,15,30,60,90,120,150,180,210,240,300
 qt	0,0.085,0.125,0.15,0.175,0.2,0.21,0.22,0.23,0.24,0.24
	0,0.13,0.25,0.325,0.385,0.46,0.525,0.56,0.58,0.585,0.585
	0,0.15,0.275,0.41,0.46,0.56,0.65,0.7,0.7,0.7,0.7
	0,0.21,0.34,0.41,0.5,0.55,0.7,0.76,0.8,0.8,0.81
	0,0.23,0.4,0.5,0.61,0.7,0.8,0.83,0.84,0.84,0.85
 C0	0.5,2,3.6,4.3,5.8
 Cs	2
4. As(III) / HFO
 t	0,15,30,45,60,75,90,105,120,150,180,210
 qt	0,2.022644,4.609542,6.399231,7.236343,8.47451,9.392376,9.933348,10.244365,10.874491,11.346561,11.624537
	0,3.570899,5.878575,7.711626,9.420766,10.525289,11.075732,12.099549,12.552363,13.472827,13.978253,14.364504
	0,3.596827,7.889992,10.664428,12.467112,13.251316,14.923079,16.912785,17.398549,18.359669,19.241659,20.446367
 C0	50,75,100
 Cs	2
5. HPO4(-2) / Iron hydroxide
 t	0,5,10,15,30,45,60,120,180,210
 qt	0,0.15,0.3,0.3,0.3,0.3,0.3,0.4
	0,0.25,0.4,0.5,1,1.1,1.2,1.3
	0,0.9,1.6,1.7,2.2,2.6,2.9,3.3,3.6,3.6
	0,3.2,3.9,4.4,5,5.8,6.4,7.5,8.8,8.9
 C0	2.8,14,53,110
 Cs	7.5
6. Cu(II) / PHC
 t	0,5,10,20,30,40,50,60,70,80,90,100,110,120
 qt	0,2,4.64,8.16,10.4,11.6,13.2,14,14.4,15.6,15.44,16,16.4,16
	0,4,6.8,9.76,14.4,16.8,18.56,19.84,20.8,22.4,23.04,23.84,24,24.4
	0,5.44,9.44,13.52,16.4,19.52,22.08,23.6,26.08,28.4,29.6,29.84,30.64,31.2
 C0	10,15,20
 Cs	0.6
7. Cu(II) / GAC
 t	0,15,30,60,120,180,240,300,360,420,480,540
 qt	0,0.4,0.58,0.8,1.08,1.29,1.56,1.6,1.64,1.6,1.6,1.64
	0,0.48,0.64,1.02,1.48,1.74,2.08,2.22,2.24,2.22,2.24,2.24
	0,0.56,0.72,1.19,1.76,2.12,2.49,2.64,2.76,2.76,2.76,2.78
 C0	10,15,20
 Cs	5

PFAS 1:
t	0,1.75,3.75,7.75,11.6,17.75,23.75,35.75,47.75
qt	0,1.75,2.2,3.25,3.75,4.75,5.3,5.5,5.6
	0,4.55,5.25,5.95,6.05,6.25,6.25,6.25,6.375
	0,5.5,6.2,6.875,7.05,7,7.45,7.7,8
	0,9.375,10.5,11.7,12.25,12.125,12.2,12.25,12.375
	0,11.25,13.55,15.5,16.55,17.875,18,17.8,18.125
	0,7.5,12.5,/,18.95,22,22.45,22.6,23.05
PFAS 2:
t	0,0.5,1,2,4,6,8
qt	0,0.06,0.13,0.21,0.26,0.28,0.29
	0,0.25,0.39,0.52,0.65,0.71,0.75
	0,0.7,0.91,1.08,1.3,1.4,1.5
	0,3.36,3.5,3.75,3.96,4.02,4.1
	0,3.92,4.16,4.53,4.7,4.79,4.88
	0,4.62,5.01,5.44,5.93,6.06,6.15
	0,0.5,0.75,0.79,0.9,0.95,1
	0,2.5,2.78,3.3,3.4,3.5,3.55
	0,4.75,5.45,6,6.39,6.5,6.52
PFAS 3:
t	0,0.5,1,2,4,6,8
qt	0,0.42,0.48,0.49,0.5,0.51,0.51
	0,0.57,0.75,0.78,0.83,0.87,0.87
	0,0.91,1.2,1.38,1.48,1.57,1.6
	0,2.17,2.49,2.68,2.84,2.85,2.88
	0,2.55,2.83,3.03,3.12,3.17,3.19
	0,2.73,3.02,3.15,3.18,3.16,3.19
	0,0.9,0.95,1.01,1.04,1.07,1.11
	0,2.15,2.41,2.6,2.73,2.75,2.76
	0,2.93,3.17,3.28,3.35,3.34,3.34
PFAS 4:
t	0,0.5,1,2,3,4,5,7,10,14,24,36,48
qt	0,0.375,0.875,1.75,2.5,3.25,4,5.45,7.5,10.15,16.125,21.75,23.55
	0,0.375,0.81,1.66,2.4,3.125,3.86,5.26,7.375,9.5,16.95,19.375,20.35
	0,0.375,0.75,1.58,2.3,3,3.72,5.08,7,9.3,16.25,17.5,18.2
	0,0.375,0.685,1.49,2.2,2.875,3.58,4.9,6.75,8.7,15.45,16,16.625
	0,0.375,0.625,1.4,2.1,2.75,3.45,4.75,6.5,8.5,15.2,15.25,15.625
PFAS 5:
t	0,0.5,1,2,3,4,5,7,10,14,24,36,48
qt	0,0.017,0.034,0.065,0.098,0.124,0.151,0.192,0.25,0.319,0.37,0.394,0.4
	0,0.017,0.034,0.065,0.096,0.122,0.145,0.185,0.23,0.277,0.332,0.348,0.357
	0,0.017,0.034,0.0645,0.094,0.118,0.135,0.18,0.221,0.263,0.316,0.342,0.345
	0,0.017,0.034,0.0645,0.092,0.111,0.126,0.166,0.21,0.239,0.287,0.303,0.309
	0,0.017,0.034,0.064,0.09,0.11,0.124,0.16,0.198,0.238,0.27,0.284,0.289
PFAS 6:
t	0,2.4,4.2,6,12,24,36,48,72,96,120,168
qt	0,0.052,0.073,0.082,0.195,0.229,0.269,0.385,0.517,0.598,0.841,0.809
	0,0.05425,0.09625,0.088,0.18325,0.22375,0.21925,0.2635,0.301,0.3055,0.33925,0.34
	0,0.042875,0.084125,0.095,0.119,0.13775,0.148625,0.1595,0.17675,0.169625,0.18275,0.183125
